TxMsg(472):
01 D6 49 53 4F 30 34 37 30 32 31 31 31 30 35 30 30 30 


31 32 30 30 

F2 34 87 41 68 E1 9A 03 00 00 00 00 00 00 00 00 16 34 33 38 31 37 32 34 39 35 31 33 30 38 38 30 34 30 30 30 30 30 30 30 30 30 30 30 30 30 30 32 30 30 30 31 38 30 37 32 38 30 33 31 32 30 30 30 31 31 32 31 38 30 37 32 38 30 33 31 32 33 37 32 30 30 35 30 37 32 38 38 31 30 31 30 31 35 31 30 31 34 63 30 30 30 32 30 30 34 38 31 34 06 30 31 31 32 30 30 08 30 30 30 30 30 30 30 30 36 34 33 38 31 37 32 34 39 35 31 33 30 38 38 30 34 44 32 30 30 35 32 30 36 31 34 39 39 30 34 31 35 30 30 30 30 30 30 30 31 31 32 30 30 30 30 30 30 34 37 34 30 30 30 31 30 30 30 34 37 34 30 30 30 31 30 30 35 20 20 20 11 31 32 33 34 35 36 37 38 45 47 59 00 38 50 31 30 30 33 32 41 35 35 34 41 39 36 34 35 39 45 33 36 38 42 46 36 30 42 39 32 37 45 39 46 34 41 44 31 34 45 39 38 31 38 30 30 30 30 30 30 30 30 30 30 30 30 30 30 30 30 09 30 31 30 31 30 30 30 30 30 01 35 5F 2A 02 08 40 5F 34 01 00 82 02 3C 00 84 07 A0 00 00 00 03 10 10 95 05 00 80 24 00 00 9A 03 18 07 28 9C 01 00 9F 02 06 00 00 00 00 20 00 9F 03 06 00 00 00 00 00 00 9F 09 02 00 8C 9F 10 07 06 01 0A 03 A0 E8 02 9F 1A 02 08 40 9F 1E 08 32 4B 36 32 34 34 37 37 9F 26 08 B0 6F 02 ED AF 9F 37 51 9F 27 01 80 9F 33 03 E0 F0 C8 9F 34 03 42 03 00 9F 35 01 22 9F 36 02 00 36 9F 37 04 6E F0 54 90 9F 41 03 00 01 12 00 25 30 30 30 30 30 30 30 30 30 30 30 30 30 30 30 30 30 30 30 30 30 30 30 30 30 00 00 00 00 00 00 00 00
-- -- -- --
RxMsg(206):
49 53 4F 30 32 30 36 32 31 31 31 30 35 30 30 30 31 32 31 30 7A 32 80 01 0C C0 C8 01 16 34 33 38 31 37 32 34 39 35 31 33 30 38 38 30 34 30 30 30 30 30 30 30 30 30 30 30 30 30 30 32 30 30 30 30 30 30 30 30 30 30 30 32 30 30 30 31 38 30 37 32 38 31 30 30 31 30 30 30 31 31 32 31 38 30 37 32 38 30 33 31 32 33 37 30 30 30 30 30 30 30 37 32 38 06 30 31 31 32 30 30 30 30 30 31 31 32 30 30 30 30 30 30 30 30 30 30 30 30 34 37 34 30 30 30 31 30 30 30 34 37 34 30 30 30 31 30 30 35 20 20 20 38 31 38 38 31 38 30 30 30 30 30 30 30 30 09 30 31 30 31 30 30 30 30 30 01 35 5F 2A 02 08 40 5F 34 01 00 82 02 31 35 42 43 41 44 31 39
-- -- -- --
TxMsg(145):
00 8F 49 53 4F 30 31 34 33 32 31 31 31 30 35 30 30 30 31 38 30 34 02 30 81 00 08 C0 08 03 31 38 30 37 32 38 30 33 31 34 30 30 30 31 31 32 31 38 30 37 32 38 30 33 31 34 35 33 30 37 32 38 38 38 30 30 30 30 31 31 32 30 30 30 30 30 30 34 37 34 30 30 30 31 30 30 30 34 37 34 30 30 30 31 30 30 35 20 20 20 09 30 31 30 31 30 30 30 30 30 00 25 30 30 30 30 30 30 30 30 30 30 30 30 30 30 30 30 30 30 30 30 30 30 30 30 30 00 00 00 00 00 00 00 00
-- -- -- --
RxMsg(143):
49 53 4F 30 31 34 33 32 31 31 31 30 35 30 30 30 31 38 31 34 02 30 80 00 0A C0 08 03 31 38 30 37 32 38 31 30 30 33 30 30 30 31 31 32 31 38 30 37 32 38 30 33 31 34 35 33 30 37 32 38 30 30 30 31 31 32 30 30 30 30 30 30 38 30 30 34 37 34 30 30 30 31 30 30 30 34 37 34 30 30 30 31 30 30 35 20 20 20 09 30 31 30 31 30 30 30 30 30 00 25 30 30 30 30 30 30 30 30 30 30 30 30 30 30 30 30 30 30 30 30 30 30 30 30 30 31 35 42 43 41 44 31 39
-- -- -- --
TxMsg(125):
00 7B 49 53 4F 30 31 32 33 32 31 31 31 30 35 30 30 30 31 35 32 30 02 30 81 01 08 C0 08 04 31 38 30 37 32 38 30 33 31 34 30 30 30 31 31 32 31 38 30 37 32 38 30 33 31 34 35 36 30 37 32 38 32 30 30 06 30 31 31 32 30 30 30 30 30 31 31 32 30 30 30 30 30 30 34 37 34 30 30 30 31 30 30 30 34 37 34 30 30 30 31 30 30 35 20 20 20 09 30 31 30 31 30 30 30 30 30 00 06 30 30 30 30 30 30
-- -- -- --
RxMsg(112):
49 53 4F 30 31 31 32 32 31 31 31 30 35 30 30 30 31 35 33 30 02 32 80 00 0A C0 00 01 31 38 30 37 32 38 31 30 30 33 30 30 30 31 31 32 31 38 30 37 32 38 30 33 31 34 35 36 30 30 30 30 30 30 30 37 32 38 30 30 30 31 31 32 30 30 30 30 30 30 35 30 31 34 37 34 30 30 30 31 30 30 30 34 37 34 30 30 30 31 30 30 35 20 20 20 31 35 42 43 41 44 31 39
-- -- -- --
