TxMsg(145):
00 8F 49 53 4F 30 31 34 33 32 31 31 31 30 35 30 30 30 31 38 30 34 02 30 81 00 08 C0 08 03 31 38 30 37 32 39 32 30 31 32 30 30 30 31 33 35 31 38 30 37 32 39 32 30 31 32 34 37 30 37 32 39 38 38 30 30 30 30 31 33 35 30 30 30 30 30 30 34 37 34 30 30 30 31 30 30 30 34 37 34 30 30 30 31 30 30 35 20 20 20 09 30 31 30 31 30 30 30 30 30 00 25 30 30 30 30 30 30 30 30 30 30 30 30 30 30 30 30 30 30 30 30 30 30 30 30 30 00 00 00 00 00 00 00 00
-- -- -- --
RxMsg(143):
49 53 4F 30 31 34 33 32 31 31 31 30 35 30 30 30 31 38 31 34 02 30 80 00 0A C0 08 03 31 38 30 37 32 39 31 38 30 31 30 30 30 31 33 35 31 38 30 37 32 39 32 30 31 32 34 37 30 37 32 39 30 30 30 31 33 35 30 30 30 30 30 30 38 30 30 34 37 34 30 30 30 31 30 30 30 34 37 34 30 30 30 31 30 30 35 20 20 20 09 30 31 30 31 30 30 30 30 30 00 25 30 30 30 30 30 30 30 30 30 30 30 30 30 30 30 30 30 30 30 30 30 30 30 30 30 31 35 42 43 41 44 31 39
-- -- -- --
TxMsg(125):
00 7B 49 53 4F 30 31 32 33 32 31 31 31 30 35 30 30 30 31 35 32 30 02 30 81 01 08 C0 08 04 31 38 30 37 32 39 32 30 31 32 30 30 30 31 33 35 31 38 30 37 32 39 32 30 31 32 35 32 30 37 32 39 32 30 30 06 30 31 31 32 30 30 30 30 30 31 33 35 30 30 30 30 30 30 34 37 34 30 30 30 31 30 30 30 34 37 34 30 30 30 31 30 30 35 20 20 20 09 30 31 30 31 30 30 30 30 30 00 06 30 30 30 30 30 30
-- -- -- --
RxMsg(112):
49 53 4F 30 31 31 32 32 31 31 31 30 35 30 30 30 31 35 33 30 02 32 80 00 0A C0 00 01 31 38 30 37 32 39 31 38 30 31 30 30 30 31 33 35 31 38 30 37 32 39 32 30 31 32 35 32 30 30 30 30 30 30 30 37 32 39 30 30 30 31 33 35 30 30 30 30 30 30 35 30 31 34 37 34 30 30 30 31 30 30 30 34 37 34 30 30 30 31 30 30 35 20 20 20 31 35 42 43 41 44 31 39
-- -- -- --
TxMsg(175):
00 AD 49 53 4F 30 31 37 33 32 31 31 31 30 35 30 30 30 31 33 30 34 70 3C 05 80 0C C0 00 14 16 34 33 38 31 37 32 34 39 35 31 33 30 38 38 30 34 30 30 30 30 30 31 30 30 30 30 30 30 30 30 30 37 37 37 30 30 30 31 33 35 31 38 30 37 32 39 32 30 31 32 35 37 32 30 30 35 38 31 30 31 30 31 35 31 30 31 34 63 32 30 30 30 30 30 31 33 35 30 30 30 30 30 30 30 30 30 30 30 30 34 37 34 30 30 30 31 30 30 30 34 37 34 30 30 30 31 30 30 35 20 20 20 00 22 31 32 30 30 30 30 30 31 33 35 20 20 20 20 20 20 20 20 20 20 20 20 00 06 30 30 30 31 33 35
-- -- -- --
