TxMsg(467):
01 D1 49 53 4F 30 34 36 35 32 31 31 31 30 35 30 30 30 31 32 30 30 F2 34 87 41 60 E1 8A 03 00 00 00 00 00 00 00 00 16 34 32 30 35 38 35 31 31 39 30 30 30 38 38 35 35 30 30 30 30 30 30 30 30 30 30 30 30 30 38 30 30 30 30 30 30 30 30 37 39 31 38 30 37 31 35 31 32 34 37 34 30 31 36 30 39 30 37 31 35 38 31 30 31 30 31 35 31 30 31 34 63 30 30 30 32 30 30 34 38 31 34 06 30 31 31 32 30 30 08 30 30 30 30 30 30 30 30 32 34 32 30 35 38 35 31 31 39 30 30 30 38 38 35 35 44 31 36 30 39 32 32 36 31 30 30 30 30 36 39 38 36 32 33 30 31 37 36 34 30 30 34 37 34 30 30 30 31 30 30 35 20 20 20 46 20 20 45 44 43 20 44 45 4D 4F 20 41 50 50 4C 49 43 41 54 49 4F 4E 20 20 20 53 50 45 43 54 52 41 20 54 45 43 48 4E 4F 4C 4F 47 49 45 53 20 30 30 33 38 50 31 30 30 33 32 41 35 35 34 41 39 36 34 35 39 45 33 36 38 42 46 36 30 42 39 32 37 45 39 46 34 41 44 31 34 45 39 38 31 38 09 30 31 30 31 30 30 30 30 30 01 35 5F 2A 02 08 40 5F 34 01 00 82 02 7C 00 84 07 A0 00 00 00 03 10 10 95 05 08 40 00 80 00 9A 03 18 07 15 9C 01 00 9F 02 06 00 00 00 08 00 00 9F 03 06 00 00 00 00 00 00 9F 09 02 00 8C 9F 10 07 06 01 0A 03 A4 A8 04 9F 1A 02 08 40 9F 1E 08 32 4B 36 32 34 34 37 37 9F 26 08 FE 77 DA BF 9A 91 9B F2 9F 27 01 80 9F 33 03 E0 F0 C8 9F 34 03 41 03 02 9F 35 01 22 9F 36 02 04 31 9F 37 04 E3 2C CD 03 9F 41 03 00 00 79 00 25 30 30 30 30 30 30 30 30 30 30 30 30 30 30 30 30 30 30 30 30 30 30 30 30 30 00 00 00 00 00 00 00 00
-- -- -- --
RxMsg(205):
49 53 4F 30 32 30 35 32 31 31 31 30 35 30 30 30 31 32 31 30 7A 32 80 01 06 C0 C8 03 16 34 32 30 35 38 35 31 31 39 30 30 30 38 38 35 35 30 30 30 30 30 30 30 30 30 30 30 30 30 38 30 30 30 30 30 30 30 30 30 30 30 38 30 30 30 30 31 38 30 37 31 35 31 30 33 35 31 35 31 32 34 37 34 30 31 36 30 39 30 37 31 35 38 31 30 30 30 30 30 30 35 31 30 31 30 30 30 30 30 30 32 34 32 30 35 38 35 31 31 39 30 30 30 38 38 35 35 44 31 36 30 39 32 32 36 30 30 30 30 30 30 33 30 34 4E 20 20 20 53 50 45 43 54 52 41 20 54 45 43 48 4E 4F 4C 4F 47 49 45 80 00 9A 80 00 9A 03 18 07 15 00 09 02 06 00 00 00 08 00 00 9F 31 35 42 43 41 44 31 39
-- -- -- --
TxMsg(370):
01 70 49 53 4F 30 33 36 38 32 31 31 31 30 35 30 30 30 31 34 32 30 FE 36 81 0E C1 E3 02 00 00 00 00 00 00 00 00 00 16 34 32 30 35 38 35 31 31 39 30 30 30 38 38 35 35 30 32 30 30 30 30 30 30 30 30 30 30 30 30 30 30 30 30 31 38 30 37 31 35 33 33 33 35 30 30 30 30 37 39 31 38 30 37 31 35 33 33 33 35 33 31 31 36 30 39 30 37 31 35 32 30 30 08 30 30 30 30 30 30 30 30 36 32 33 30 31 37 36 34 30 30 34 37 34 30 30 30 31 30 30 35 20 20 20 46 20 20 45 44 43 20 44 45 4D 4F 20 41 50 50 4C 49 43 41 54 49 4F 4E 20 20 20 53 50 45 43 54 52 41 20 54 45 43 48 4E 4F 4C 4F 47 49 45 53 20 30 30 33 38 50 31 30 30 33 32 41 35 35 34 41 39 36 34 35 39 45 33 36 38 42 46 36 30 42 39 32 37 45 39 46 34 41 44 31 34 45 39 01 35 5F 2A 02 08 40 5F 34 01 00 82 02 7C 00 84 07 A0 00 00 00 03 10 10 95 05 08 40 00 80 00 9A 03 18 07 15 9C 01 00 9F 02 06 00 00 00 08 00 00 9F 03 06 00 00 00 00 00 00 9F 09 02 00 8C 9F 10 07 06 01 0A 03 64 AC 04 9F 1A 02 08 40 9F 1E 08 32 4B 36 32 34 34 37 37 9F 26 08 13 AE F9 39 71 6E 5C 01 9F 27 01 40 9F 33 03 E0 F0 C8 9F 34 03 41 03 02 9F 35 01 22 9F 36 02 04 31 9F 37 04 E3 2C CD 03 9F 41 03 00 00 79
-- -- -- --
RxMsg(147):
49 53 4F 30 31 34 37 32 31 31 31 30 35 30 30 30 31 34 33 30 7A 32 80 00 02 C0 00 01 16 34 32 30 35 38 35 31 31 39 30 30 30 38 38 35 35 30 32 30 30 30 30 30 30 30 30 30 30 30 30 30 30 30 30 31 38 30 37 31 35 33 33 33 35 30 30 31 38 30 37 31 35 31 30 33 36 33 33 33 35 33 31 31 36 30 39 30 37 31 35 32 30 30 08 30 30 30 30 30 30 33 30 31 37 39 30 39 43 41 54 49 4F 4E 20 20 20 53 50 45 43 54 52 41 20 54 45 43 48 4E 4F 31 35 42 43 41 44 31 39
-- -- -- --
TxMsg(309):
01 33 49 53 4F 30 33 30 37 32 31 31 31 30 35 30 30 30 31 32 32 30 F2 34 87 41 48 E1 88 03 01 00 00 00 00 00 00 00 16 35 32 39 35 33 32 33 38 39 32 32 37 38 39 38 36 32 30 30 30 30 30 30 30 30 30 30 30 30 35 35 30 30 30 30 30 30 30 38 30 31 38 30 37 31 35 31 32 34 38 34 39 36 33 30 36 30 37 31 35 38 31 30 31 30 31 32 35 30 31 34 63 30 30 30 32 30 30 34 38 31 34 06 30 31 31 32 30 30 08 30 30 30 30 30 30 30 30 20 20 20 20 20 20 20 20 20 20 20 20 36 32 33 30 31 37 36 34 30 30 34 37 34 30 30 30 31 30 30 35 20 20 20 46 20 20 45 44 43 20 44 45 4D 4F 20 41 50 50 4C 49 43 41 54 49 4F 4E 20 20 20 53 50 45 43 54 52 41 20 54 45 43 48 4E 4F 4C 4F 47 49 45 53 20 30 30 33 38 50 31 30 30 33 32 41 35 35 34 41 39 36 34 35 39 45 33 36 38 42 46 36 30 42 39 32 37 45 39 46 34 41 44 31 34 45 39 38 31 38 09 30 31 30 31 30 30 30 30 30 00 25 30 30 30 30 30 30 30 30 30 30 30 30 30 30 30 30 30 30 30 30 30 30 30 30 30 00 00 00 00 00 00 00 00
-- -- -- --
RxMsg(230):
49 53 4F 30 32 33 30 32 31 31 31 30 35 30 30 30 31 32 33 30 7A 30 80 01 0A C1 C8 01 16 35 32 39 35 33 32 33 38 39 32 32 37 38 39 38 36 32 30 30 30 30 30 30 30 30 30 30 30 30 35 35 30 30 30 30 30 30 30 30 30 30 35 35 30 30 30 31 38 30 37 31 35 31 30 33 37 31 35 31 32 34 38 34 39 36 33 30 36 30 37 31 35 38 31 32 35 30 31 30 30 30 30 30 30 20 20 20 20 20 20 20 20 20 20 20 20 36 32 33 30 31 37 36 34 30 30 34 37 34 4F 4E 20 20 20 53 50 45 43 54 52 41 30 30 30 20 54 45 43 48 4E 4F 4C 4F 47 49 45 53 20 30 30 33 38 50 31 30 30 33 00 37 32 49 4E 56 20 4C 45 4E 20 3A 20 54 52 41 4E 53 20 43 52 4E 43 59 20 20 20 20 20 20 20 20 20 20 7C 20 46 4C 44 00 00 00 00 00 00 00 31 35 42 43 41 44 31 39
-- -- -- --
TxMsg(135):
00 85 49 53 4F 30 31 33 33 32 31 31 31 30 35 30 30 30 31 38 30 34 02 30 81 00 08 C0 08 03 30 30 30 30 38 30 31 38 30 37 31 35 31 32 34 38 34 39 30 37 31 35 38 38 30 20 20 20 20 20 20 20 20 20 20 20 20 36 32 33 30 31 37 36 34 30 30 34 37 34 30 30 30 31 30 30 35 20 20 20 09 30 31 30 31 30 30 30 30 30 00 25 30 30 30 30 30 30 30 30 30 30 30 30 30 30 30 30 30 30 30 30 30 30 30 30 30 00 00 00 00 00 00 00 00
-- -- -- --
RxMsg(639):
49 53 4F 30 36 33 39 32 31 31 31 30 35 30 30 30 31 38 31 34 02 30 80 00 0A C0 08 03 31 38 30 37 31 35 31 30 33 37 31 35 31 32 34 38 34 39 30 37 31 35 38 38 30 20 20 20 20 20 20 20 20 20 36 32 33 30 31 37 36 34 30 30 38 30 30 34 37 34 30 30 30 31 30 30 35 20 20 20 09 30 31 30 31 30 30 30 30 30 00 05 30 30 30 30 30 30 30 30 30 30 30 30 30 30 30 30 30 30 30 30 30 30 30 30 30 00 00 00 00 00 00 00 00 00 00 00 00 00 00 00 00 00 00 00 00 00 00 00 00 00 00 00 00 00 00 00 00 00 00 00 00 00 00 00 00 00 00 00 00 00 00 00 00 00 00 00 00 00 00 00 00 00 00 00 00 00 00 00 00 00 00 00 00 00 00 00 00 00 00 00 00 00 00 00 00 00 00 00 00 00 00 00 00 00 00 00 00 00 00 00 00 00 00 00 00 00 00 00 00 00 00 00 00 00 00 00 00 00 00 00 00 00 00 00 00 00 00 00 00 00 00 00 00 00 00 00 00 00 00 00 00 00 00 00 00 00 00 00 00 00 00 00 00 00 00 00 00 00 00 00 00 00 00 00 00 00 00 00 00 00 00 00 00 00 00 00 00 00 00 00 00 00 00 00 00 00 00 00 00 00 00 00 00 00 00 00 00 00 00 00 00 00 00 00 00 00 00 00 00 00 00 00 00 00 00 00 00 00 00 00 00 00 00 00 00 00 00 00 00 00 00 00 00 00 00 00 00 00 00 02 12 00 00 00 00 00 00 00 00 00 00 00 00 00 00 00 00 00 00 00 00 00 00 00 00 00 00 00 00 00 00 00 00 00 00 00 00 00 00 00 00 00 00 00 00 00 00 00 00 00 00 00 00 00 00 00 00 00 00 00 00 00 00 00 00 00 00 00 00 00 00 00 00 00 00 00 00 00 00 00 00 00 00 00 00 00 00 00 00 00 00 00 00 00 00 00 00 00 00 00 00 00 00 00 00 00 00 00 00 00 00 00 00 00 00 00 00 00 00 00 00 00 00 00 00 00 00 00 00 00 00 00 00 00 00 00 00 00 00 00 00 00 00 00 00 00 00 00 00 00 00 00 00 00 00 00 00 00 00 00 00 00 00 00 00 00 00 00 00 00 00 00 00 00 00 00 00 00 00 00 00 00 00 00 00 00 00 00 00 00 00 00 00 00 00 00 00 00 00 00 00 00 00 00 00 00 00 00 00 00 00 00 00 00 00 00 00 00 00 00 00 00 00 00 00 00 00 00 00 00 00 00 00 00 00 00 00 00 00 00 00 00 00 00 00 00 00 00 00 00 00 00 00 00 00 02 12 00 00 00 00 00 00 00 00 00 00 00 00 00 00 31 35 42 43 41 44 31 39
-- -- -- --
