TxMsg(467):
//stream length [4]
01 D1 
//header [20]
49 53 4F 30 34 36 35 32 31 31 31 30 35 30 30 30 31 32 30 30 
//map [16]
F2 34 87 41 68 E1 9A 03 01 00 00 00 00 00 00 00  
//pan [16] --> F2 with length
16 34 32 32 33 33 30 31 33 36 35 39 38 34 38 31 39 
//processing Code [6] --> F3
30 30 30 30 30 30 
//amount[12] --> F4
30 30 30 30 30 30 30 30 31 34 30 30 
//transmission date & time [10] --> F7
31 36 30 35 32 33 31 31 32 37
//systems trace audit number  [6] --> F11
30 30 30 31 31 38 
//local transaction date & time  [12] --> F12
31 36 30 35 32 33 31 31 32 37 35 38
//expiry date  [4] --> F14
32 31 30 33
//capture date (MMDD)  [4] --> F17
30 35 32 33 
//Entry mode  [12] --> F22
38 31 30 31 30 31 35 31 30 31 34 63 
//pan sequence number [3] --> F23
30 30 30 
//function code [3] --> F24
32 30 30 
//merchant business code [4] --> F26
34 38 31 34 
//acquirer id [6] --> F32 with length
06 30 31 31 32 30 30 
// pan extension [8] --> F34 with length
08 30 30 30 30 30 30 30 30 
// track 2 data [32] --> F35 with length
32 34 32 32 33 33 30 31 33 36 35 39 38 34 38 31 39 3D 32 31 30 33 32 32 36 31 30 30 30 30 39 32 34
// RRN [12] --> F37 
30 30 30 31 31 38 30 30 30 30 30 30 
// terminal identification [8] --> F41
32 38 31 37 34 39 37 39 
// card acceptor identification [15] --> F42
31 32 37 30 37 32 38 30 30 37 20 20 20 20 20 
// card acceptor name & address [11] --> F43 with length
11 31 32 33 34 35 36 37 38 45 47 59 
// additional resp. data [38] --> F48 with length[4]
00 38 50 31 30 30 33 32 41 35 35 34 41 39 36 34 35 39 45 33 36 38 42 46 36 30 42 39 32 37 45 39 46 34 41 44 31 34 45 39
// transaction currency code [3] --> F49
38 31 38 
// pin block [16] --> F52 send 8 byte only
2D 6B A9 3C E9 CF 18 45 
// security data [9] --> F53 with length
09 30 31 30 31 30 30 30 30 30 
// EMV data [140] --> F55 with length[4]
01 40 5F 2A 02 08 18 82 02 3C 00 84 07 A0 00 00 00 03 10 10 95 05 08 A0 24 80 00 9A 03 16 05 23 9C 01 00 9F 02 06 00 00 00 00 14 00 9F 03 06 00 00 00 00 00 00 9F 09 02 00 8C 9F 10 07 06 01 0A 03 A0 E8 00 9F 1A 02 08 18 9F 1E 08 30 30 30 30 30 30 30 30 9F 26 08 9B 17 71 FB 41 D5 D7 A5 9F 27 01 80 9F 33 03 E0 F8 C8 9F 34 03 42 03 00 9F 35 01 22 9F 36 02 00 45 9F 37 04 9A 66 1B 9D 9F 41 04 00 00 00 01 9F 53 01 52 5F 34 01 00 
// versions [25] --> F63 with length[4]
00 25 30 30 30 30 30 30 30 30 30 30 30 30 30 30 30 30 30 30 30 30 30 30 30 30 30 
// MAC [8] --> F64 
00 00 00 00 00 00 00 00 
// Data Record [0] --> F72 with length[4]
00 00
-- -- -- --
RxMsg(185):
49 53 4F 30 31 38 35 32 31 31 31 30 35 30 30 30 31 32 31 30 7A 32 80 01 0C C0 C8 01 16 34 32 32 33 33 30 31 33 36 35 39 38 34 38 31 39 30 30 30 30 30 30 30 30 30 30 30 30 30 30 31 34 30 30 30 30 30 30 30 30 30 30 31 34 30 30 31 38 30 37 30 34 31 32 34 30 30 30 30 31 31 38 31 36 30 35 32 33 31 31 32 37 35 38 30 30 30 30 30 30 30 35 32 33 06 30 31 31 32 30 30 30 30 30 31 31 38 30 30 30 30 30 30 30 30 30 30 30 30 32 38 31 37 34 39 37 39 31 32 37 30 37 32 38 30 30 37 20 20 20 20 20 38 31 38 38 31 38 09 30 31 30 31 30 30 30 30 30 31 35 42 43 41 44 31 39
-- -- -- --

//seciomg
TxMsg(83):
00 51 49 53 4F 30 34 36 35 32 31 31 31 30 35 30 30 30 31 32 30 30 00 00 00 00 00 00 00 00 00 00 00 00 00 00 00 00 16 34 32 30 35 38 35 31 31 39 30 30 30 38 38 35 35 30 30 30 30 30 30 30 30 30 30 30 30 30 30 32 30 30 30 31 38 30 37 30 35 31 31 31 37
-- -- -- --

