sale message

TxMsg(467):
01 D1 49 53 4F 30 34 36 35 32 31 31 31 30 35 30 30 30 31 32 30 30 F2 34 87 41 60 E1 8A 03 00 00 00 00 00 00 00 00 16 34 32 30 35 38 35 31 31 39 30 30 30 38 38 35 35 30 30 30 30 30 30 30 30 30 30 30 30 30 30 32 30 30 30 30 30 30 30 36 36 31 38 30 37 31 33 31 30 32 35 30 34 31 36 30 39 30 37 31 33 38 31 30 31 30 31 35 31 30 31 34 63 30 30 30 32 30 30 34 38 31 34 06 30 31 31 32 30 30 08 30 30 30 30 30 30 30 30 32 34 32 30 35 38 35 31 31 39 30 30 30 38 38 35 35 44 31 36 30 39 32 32 36 31 30 30 30 30 36 39 38 36 32 33 30 31 37 36 34 30 30 34 37 34 30 30 30 31 30 30 35 20 20 20 46 20 20 45 44 43 20 44 45 4D 4F 20 41 50 50 4C 49 43 41 54 49 4F 4E 20 20 20 53 50 45 43 54 52 41 20 54 45 43 48 4E 4F 4C 4F 47 49 45 53 20 30 30 33 38 50 31 30 30 33 32 41 35 35 34 41 39 36 34 35 39 45 33 36 38 42 46 36 30 42 39 32 37 45 39 46 34 41 44 31 34 45 39 38 31 38 09 30 31 30 31 30 30 30 30 30 01 35 5F 2A 02 08 40 5F 34 01 00 82 02 7C 00 84 07 A0 00 00 00 03 10 10 95 05 08 40 00 00 00 9A 03 18 07 13 9C 01 00 9F 02 06 00 00 00 00 20 00 9F 03 06 00 00 00 00 00 00 9F 09 02 00 8C 9F 10 07 06 01 0A 03 A4 A8 04 9F 1A 02 08 40 9F 1E 08 32 4B 36 32 34 34 37 37 9F 26 08 AC 5B 58 FA 16 C1 2D 8B 9F 27 01 80 9F 33 03 E0 F0 C8 9F 34 03 41 03 02 9F 35 01 22 9F 36 02 04 12 9F 37 04 B3 DB F8 B0 9F 41 03 00 00 66 00 25 30 30 30 30 30 30 30 30 30 30 30 30 30 30 30 30 30 30 30 30 30 30 30 30 30 00 00 00 00 00 00 00 00
-- -- -- --
RxMsg(205):
49 53 4F 30 32 30 35 32 31 31 31 30 35 30 30 30 31 32 31 30 7A 32 80 01 06 C0 C8 03 16 34 32 30 35 38 35 31 31 39 30 30 30 38 38 35 35 30 30 30 30 30 30 30 30 30 30 30 30 30 30 32 30 30 30 30 30 30 30 30 30 30 30 32 30 30 30 31 38 30 37 31 33 30 38 31 32 31 33 31 30 32 35 30 34 31 36 30 39 30 37 31 33 38 31 30 30 30 30 30 30 35 31 30 31 30 30 30 30 30 30 32 34 32 30 35 38 35 31 31 39 30 30 30 38 38 35 35 44 31 36 30 39 32 32 36 30 30 30 30 30 30 33 30 34 4E 20 20 20 53 50 45 43 54 52 41 20 54 45 43 48 4E 4F 4C 4F 47 49 45 00 00 9A 00 00 9A 03 18 07 13 00 09 02 06 00 00 00 00 20 00 9F 31 35 42 43 41 44 31 39
-- -- -- --


VOID message


TxMsg(233):
00 E7 49 53 4F 30 34 36 35 32 31 31 31 30 35 30 30 30 31 34 32 30 FE 36 81 0E C1 E3 00 00 00 00 00 00 00 00 00 00 16 35 32 39 35 33 32 33 38 39 32 32 37 38 39 38 36 32 32 30 30 30 30 30 30 30 30 30 30 30 30 30 30 30 30 31 38 30 37 31 33 31 30 32 36 30 30 30 30 36 37 31 38 30 37 31 33 31 30 32 36 34 35 36 33 30 36 30 37 31 33 32 30 30 08 30 30 30 30 30 30 30 30 36 32 33 30 31 37 36 34 30 30 34 37 34 30 30 30 31 30 30 35 20 20 20 46 20 20 45 44 43 20 44 45 4D 4F 20 41 50 50 4C 49 43 41 54 49 4F 4E 20 20 20 53 50 45 43 54 52 41 20 54 45 43 48 4E 4F 4C 4F 47 49 45 53 20 30 30 33 38 50 31 30 30 33 32 41 35 35 34 41 39 36 34 35 39 45 33 36 38 42 46 36 30 42 39 32 37 45 39 46 34 41 44 31 34 45 39
-- -- -- -- 


