
-- -- -- --
RxMsg(203):
//header [16]
49 53 4F 30 32 30 33 32 31 31 31 30 35 30 30 30 
//msgid [4]
31 32 31 30 
//Map [8]
7A 32 80 01 06 C0 C8 03 
//pan
16 34 32 30 35 38 35 31 31 39 30 30 30 38 38 35 35 30 30 30 30 30 30 30 30 30 30 30 30 30 31 34 30 30 30 30 30 30 30 30 30 30 31 34 30 30 30 31 38 30 37 30 35 31 30 31 31 30 30 30 30 31 36 31 38 30 37 30 35 31 32 32 32 32 32 30 30 30 30 30 30 30 37 30 35 06 30 31 31 32 30 30 30 30 30 30 30 30 33 30 34 36 32 33 30 31 37 36 34 30 30 34 37 34 30 30 30 31 30 30 35 20 20 20 45 39 46 45 39 46 34 41 44 31 34 45 39 38 31 38 09 30 31 30 31 30 30 30 30 30 01 35 5F 2A 02 08 40 5F 34 01 00 82 02 7C 00 00 00 31 35 42 43 41 44 31 39
-- -- -- --




RxMsg(203):
49 53 4F 30 32 30 33 32 31 31 31 30 35 30 30 30 31 32 31 30 7A 32 80 01 06 C0 C8 03 16 34 32 30 35 38 35 31 31 39 30 30 30 38 38 35 35 30 30 30 30 30 30 30 30 30 30 30 30 30 30 31 30 30 30 30 30 30 30 30 30 30 30 31 30 30 30 31 38 30 37 30 35 31 37 31 31 30 30 30 30 32 30 31 38 30 37 30 35 31 39 32 32 33 31 30 30 30 30 30 30 30 37 30 35 06 30 31 31 32 30 30 30 30 30 30 30 30 33 30 34 36 32 33 30 31 37 36 34 30 30 34 37 34 30 30 30 31 30 30 35 20 20 20 45 39 46 45 39 46 34 41 44 31 34 45 39 38 31 38 09 30 31 30 31 30 30 30 30 30 01 35 5F 2A 02 08 40 5F 34 01 00 82 02 7C 00 00 00 31 35 42 43 41 44 31 39
-- -- -- --
