TxMsg(145):
00 8F 49 53 4F 30 31 34 33 32 31 31 31 30 35 30 30 30 31 38 30 34 02 30 81 00 08 C0 08 03 31 38 30 39 30 31 31 30 30 33 30 30 30 30 30 30 31 38 30 39 30 31 31 30 30 33 34 34 30 39 30 31 38 32 31 30 30 30 30 30 30 30 30 30 30 30 30 36 32 33 30 31 37 36 34 34 37 34 30 30 30 31 30 30 35 20 20 20 20 20 09 30 31 30 31 30 30 30 30 30 00 25 30 30 30 30 30 30 30 30 30 30 30 30 30 30 30 30 30 30 30 30 30 30 30 30 30 00 00 00 00 00 00 00 00
-- -- -- --
RxMsg(143):
49 53 4F 30 31 34 33 32 31 31 31 30 35 30 30 30 31 38 31 34 02 30 80 00 0A C0 08 03 31 38 30 39 30 31 30 37 34 39 30 30 30 30 30 30 31 38 30 39 30 31 31 30 30 33 34 34 30 39 30 31 30 30 30 30 30 30 30 30 30 30 30 30 38 30 30 36 32 33 30 31 37 36 34 34 37 34 30 30 30 31 30 30 35 20 20 20 20 20 09 30 31 30 31 30 30 30 30 30 00 25 30 30 30 30 30 30 30 30 30 30 30 30 30 30 30 30 30 30 30 30 30 30 30 30 30 31 35 42 43 41 44 31 39
-- -- -- --
message number 1520

TxMsg(339):
01 51 49 53 4F 30 33 33 37 32 31 31 31 30 35 30 30 30 
Msg id
31 35 32 30 
Map
82 30 81 01 08 C0 4C 06 00 78 37 80 80 00 00 00 
field 7
31 38 30 39 30 31 31 30 30 33 
field 11
30 30 30 30 30 30 
field 12
31 38 30 39 30 31 31 30 30 33 34 38 
field 17
30 39 30 31 
field 24
35 30 30 
field 32
06 30 31 31 32 30 30 
field 37
30 30 30 30 30 30 30 30 30 30 30 30 
field 41
36 32 33 30 31 37 36 34 
field 42
34 37 34 30 30 30 31 30 30 35 20 20 20 20 20 
field 50
38 31 38 
field 53
09 30 31 30 31 30 30 30 30 30 
field 54
00 20 30 34 30 34 38 31 38 43 30 30 30 30 30 30 30 30 30 30 30 30 
field 62
00 20 30 30 30 30 30 30 30 30 30 30 30 30 30 30 30 30 30 30 30 30 
field 63
00 25 30 30 30 30 30 30 30 30 30 30 30 30 30 30 30 30 30 30 30 30 30 30 30 30 30
field 74
30 30 30 30 30 30 30 30 38 30
field 75
30 30 30 30 30 30 30 30 30 30
field 76
30 30 30 30 30 30 30 30 38 30 
field 77
30 30 30 30 30 30 30 30 30 30 
field 83
30 30 30 30 30 30 30 30 30 30 
field 84
30 30 30 30 30 30 30 30 30 30 
field 86
30 30 30 30 30 30 30 30 30 30 30 30 30 30 30 30 
field 87
30 30 30 30 30 30 30 30 30 30 30 30 30 30 30 30 
field 88
30 30 30 30 30 30 30 30 30 30 30 30 30 30 30 30 
field 89
30 30 30 30 30 30 30 30 30 30 30 30 30 30 30 30 
field 97
30 30 30 30 30 30 30 30 30 30 30 30 30 30 30 30
-- -- -- --
RxMsg(112):
49 53 4F 30 31 31 32 32 31 31 31 30 35 30 30 30 31 35 33 30 02 32 80 00 0A C0 00 01 31 38 30 39 30 31 30 37 34 39 30 30 30 30 30 30 31 38 30 39 30 31 31 30 30 33 34 38 30 30 30 30 30 30 30 39 30 31 30 30 30 30 30 30 30 30 30 30 30 30 35 30 31 36 32 33 30 31 37 36 34 34 37 34 30 30 30 31 30 30 35 20 20 20 20 20 31 35 42 43 41 44 31 39
-- -- -- --

message number 1304

TxMsg(284):
01 1A 49 53 4F 30 32 38 32 32 31 31 31 30 35 30 30 30 
msg id
31 33 30 34 
map
82 30 81 00 08 C0 08 02 03 80 00 00 08 00 00 01 
field 7
31 38 30 39 30 31 31 30 30 33 
field 11
30 30 30 31 34 37 
field 12
31 38 30 39 30 31 31 30 30 33 35 33 
field 17
30 39 30 31 
field 24
33 30 31 
field 37
30 30 30 31 34 37 30 30 30 30 30 30 
field 41
36 32 33 30 31 37 36 34 
field 42
34 37 34 30 30 30 31 30 30 35 20 20 20 20 20 
field 53
09 30 31 30 31 30 30 30 30 30 
field 63
00 25 30 30 30 30 30 30 30 30 30 30 30 30 30 30 30 30 30 30 30 30 30 30 30 30 30 
field 71
30 30 30 30 30 30 30 31 
field 72
01 03 
	msg_id
	31 32 30 30 
	processing code
	30 30 30 30 30 31
	trace audit code
	30 30 30 31 34 37 
	PAN
	16 34 32 30 35 38 35 31 31 39 30 30 30 38 38 35 35 
	FS1
	2A 
	amount
	30 30 30 30 30 30 30 30 38 30 30 30 
	currency
	38 31 38 
	Reconciliation  amount
	30 30 30 30 30 30 30 30 38 30 30 30 
	Reconciliation  currency
	38 31 38 
	Transaction date
	30 31 30 39 31 38 
	Authorisation number
	30 30 30 31 34 37 
	exchenge
		decimal point 
		30 30 30 30 30 30 30 30 30 
		DDMM date
		30 31 30 39 
		Amount
		30 30 30 30 30 30 30 30 38 30 30 30 
	offline or online	
	30 
	FS2
	3F 
field 73
31 38 30 39 30 31 
field 101
11 54 52 41 4E 53 41 43 54 49 4F 4E 
field 128
00 00 00 00 00 00 00 00
-- -- -- --
