TxMsg(478):
01 DC 49 53 4F 30 34 37 36 32 31 31 31 30 35 30 30 30 
31 32 30 30
//map
F2 34 87 41 68 E1 82 03 
field1
00 00 00 00 00 00 00 00 
field2
16 34 32 30 35 38 35 31 31 39 30 30 30 38 38 35 35 
field3
30 30 30 30 30 30 
field4
30 30 30 30 30 30 30 30 38 30 30 30 
field7
31 38 30 38 32 36 32 32 34 33 
field11
30 30 30 31 34 37
field12
31 38 30 38 32 36 32 32 34 33 35 31 
field14
31 36 30 39 
field17
30 38 32 36 
field22
38 31 30 31 30 31 35 31 30 31 34 63 
field23
30 30 30 
field24
32 30 30
field26
34 38 31 34 
field32
06 30 31 31 32 30 30 
field34
08 30 30 30 30 30 30 30 30 
field35
32 34 32 30 35 38 35 31 31 39 30 30 30 38 38 35 35 44 31 36 30 39 32 32 36 31 30 30 30 30 36 39 38 
field37
30 30 30 31 34 37 30 30 30 30 30 30 
field41
36 32 33 30 31 37 36 34 
field42
34 37 34 30 30 30 31 30 30 35 20 20 20 20 20 
field43
11 31 32 33 34 35 36 37 38 45 47 59 
field48
00 38 50 31 30 30 33 32 41 35 35 34 41 39 36 34 35 39 45 33 36 38 42 46 36 30 42 39 32 37 45 39 46 34 41 44 31 34 45 39
field49
38 31 38 
field55
01 71 82 02 7C 00 84 07 A0 00 00 00 03 10 10 8A 02 00 00 91 10 00 00 00 00 00 00 00 00 00 00 00 00 00 00 00 00 95 05 08 40 00 00 00 9A 03 18 08 26 9C 01 00 5F 2A 02 08 40 9F 02 06 00 00 00 00 80 00 9F 03 06 00 00 00 00 00 00 9F 09 02 00 8C 9F 10 07 06 01 0A 03 A4 A8 04 9F 1A 02 08 40 9F 1E 08 32 4B 36 32 34 34 37 37 57 10 42 05 85 11 90 00 88 55 D1 60 92 26 10 00 06 98 9F 26 08 51 85 55 17 DD 9D 33 CF 9F 27 01 80 9F 33 03 E0 F0 C8 9F 34 03 41 03 02 9F 35 01 22 9F 36 02 04 3E 9F 37 04 D7 6B 84 86 9F 41 03 00 01 47 
field63
00 25 30 30 30 30 30 30 30 30 30 30 30 30 30 30 30 30 30 30 30 30 30 30 30 30 30
field64
00 00 00 00 00 00 00 00
-- -- -- --
RxMsg(175):
49 53 4F 30 31 37 35 32 31 31 31 30 35 30 30 30 31 32 31 30 7A 32 80 01 0C C0 C0 01 16 34 32 30 35 38 35 31 31 39 30 30 30 38 38 35 35 30 30 30 30 30 30 30 30 30 30 30 30 30 30 38 30 30 30 30 30 30 30 30 30 30 30 38 30 30 30 31 38 30 38 32 36 32 30 33 30 30 30 30 31 34 37 31 38 30 38 32 36 32 32 34 33 35 31 30 30 30 30 30 30 30 38 32 36 06 30 31 31 32 30 30 30 30 30 31 34 37 30 30 30 30 30 30 30 30 30 30 30 30 36 32 33 30 31 37 36 34 34 37 34 30 30 30 31 30 30 35 20 20 20 20 20 38 31 38 38 31 38 31 35 42 43 41 44 31 39
-- -- -- --
